1487164162 1
1487164294 3
1487166157 640
1487210596 640
1487210940 640
1487212167 1263
1487212259 625
1487216205 625
1487216413 625
1487216986 625
1487234431 2
1487234520 5287
1487235102 4724
1487236907 4738
1487237748 4737
1487238094 4737
1487238250 4737
1487239589 4737
1487559125 8831
1487559702 8832
1487559984 8832
1487560200 8831
1487560446 8831
1487560602 8831
1487564768 8832
1487564982 8832
1487565065 8832
1487565965 8833
1487566359 8833
1487566417 8840
1487567642 8840
1487645287 9056
1487645352 14682
1487645445 14679
1487645636 14679
1487646247 14680
1487671742 14732
1487685756 14733
1487686368 14734
1487686755 14734
1487686996 14733
1487830397 14735
1487831121 14742
1487913323 18760
1488359444 18763
1488963120 18905
1488963183 18915
1489042665 18915
1489043444 18912
1489372935 18911
1489977455 18912
1490149845 18912
1490586147 18912
1490940720 18917
1490941840 18874
1491013645 18878
1491014241 18878
1491016036 18886
1491016073 18886
1491018663 18887
1491018825 18901
1491025474 18912
1493104978 21695
1493105510 21695
1493264364 21695
1493264853 21702
1496290033 21714
1496290292 22563
1496291861 22456
1496293660 22896
1496294530 22896
1496822210 23283
1496910160 23205
1499756018 24017
1499756063 22538
1499757492 22538
1499772728 22524
1499829783 22545
1499929708 22526
1499930171 22528
1499996924 22521
1500012632 22607
1500013979 22627
1500022487 22627
1500027041 22680
1500256346 22681
1500256375 22682
1500257815 22688
1500259674 22691
1500260736 22694
1500261220 22698
1500265347 22706
1500265599 22705
1500282693 22790
1500372951 22750
1500448464 22754
1500449036 22760
1500449883 22763
1500451080 22761
1500535634 22721
1500543873 22721
1500605452 22732
1500605909 22732
1500606224 22732
1502362666 22824
1502868397 16910
1502876411 17656
1502886305 17656
1508983841 14615
1509014808 17463
1509020556 18103
1509020739 18103
1509020845 18104
1509020852 18103
1509021031 18103
1509021186 18103
1509021329 21023
1509021450 21024
1509022077 21025
1509022266 21025
1509022419 21025
1509023216 21025
1509024308 21026
1509024940 21028
1509025184 21028
1509025543 21032
1509025728 21033
1509073821 21033
1509432190 21068
1509432691 21068
1509521276 22458
1509522325 22472
1509601344 23973
1509601741 23981
1509604349 23982
1509761604 25523
1509762966 25532
1509763835 25521
1510022336 21909
1510056747 25798
1510057007 25817
1510229495 26959
1510229766 26965
1510312130 26965
1510312782 26965
1510313433 26984
1510315714 26935
1510315772 26935
1511331961 26515
1511403684 26515
1512029890 36342
1512359879 36340
1512370045 26525
1512381182 26504
1512384773 26508
1512389684 26006
1512718706 26006
1513068405 26006
1513742282 26006
1513930051 26124
1514428035 26124
1516246778 26124
1516246791 26124
1516246879 26124
1516247103 26124
1516247541 26124
1517284569 26124
1517458291 26124
1519292974 26244
1519293499 26243
1519438964 26244
1521098662 26323
1521512206 26323
1522123717 26361
1523518341 26349
1525745540 26344
1525753864 26353
1527649372 26178
1535526747 26558
1535526857 26558
1536671540 26555
1536671732 26555
1539683634 26560
